shape_id,shape_pt_lat,shape_pt_lon,shape_pt_sequence
141001,36.230597,137.963241,1
141001,36.230964,137.963219,2
141001,36.230942,137.961857,3
141001,36.23248,137.961622,4
141001,36.232463,137.95981,5
141001,36.232492,137.958425,6
141001,36.231836,137.957193,7
141001,36.231682,137.956762,8
141001,36.231666,137.954685,9
141001,36.231833,137.953136,10
141001,36.231922,137.95134,11
141001,36.231901,137.949405,12
141001,36.231247,137.945333,13
141001,36.232699,137.945049,14
141001,36.233488,137.945034,15
141001,36.23514,137.944642,16
141001,36.235375,137.944649,17
142001,36.2353006,137.9445346,1
142001,36.2349458,137.9446634,2
142001,36.2335698,137.9450174,3
142001,36.2326439,137.9450174,4
142001,36.231247,137.945333,5
142001,36.2318736,137.9493197,6
142001,36.231922,137.95134,7
142001,36.2316832,137.9548128,8
142001,36.2316833,137.9554351,9
142001,36.231682,137.956762,10
142001,36.232492,137.958425,11
142001,36.23248,137.961622,12
142001,36.230942,137.961857,13
142001,36.230964,137.963219,14
142001,36.230597,137.963241,15
142001,36.2306188,137.9633959,16

